1 0.2203125 0.54453125 0.0828125 0.1578125
1 0.40859375 0.0734375 0.053125 0.11171875
0 0.1140625 0.06328125 0.06015625 0.09453125
1 0.659375 0.03671875 0.08671875 0.0703125
1 0.95625 0.071875 0.07265625 0.115625
1 0.50234375 0.4578125 0.0734375 0.078125
2 0.7671875 0.478125 0.071875 0.15703125
0 0.27265625 0.7015625 0.02734375 0.08046875
0 0.3140625 0.76953125 0.0359375 0.11875
0 0.3234375 0.88984375 0.03359375 0.0828125
0 0.35859375 0.94296875 0.01953125 0.09453125
0 0.60546875 0.85234375 0.06796875 0.0625
0 0.85703125 0.83359375 0.065625 0.06328125
0 0.8609375 0.93125 0.04375 0.06875
0 0.61171875 0.9671875 0.05 0.0625
1 0.984375 0.62734375 0.03125 0.1109375