0 0.334375 0.3953125 0.0609375 0.14609375
2 0.15078125 0.0796875 0.06171875 0.08359375
1 0.11796875 0.4640625 0.05546875 0.06796875
2 0.2453125 0.7375 0.05390625 0.09609375
1 0.49375 0.42421875 0.0734375 0.13359375
1 0.8234375 0.42890625 0.08984375 0.0875
2 0.6671875 0.7375 0.078125 0.10703125
0 0.5203125 0.78203125 0.05234375 0.115625
1 0.6953125 0.11796875 0.07734375 0.14140625
0 0.05234375 0.76796875 0.06953125 0.05625
0 0.16328125 0.96796875 0.0671875 0.0609375
1 0.93125 0.84296875 0.07421875 0.1
1 0.4453125 0.0453125 0.071875 0.05625