1 0.6046875 0.384375 0.09453125 0.10625
2 0.146875 0.2671875 0.08515625 0.1140625
0 0.0453125 0.8765625 0.0546875 0.0484375
1 0.12265625 0.840625 0.0671875 0.0765625
0 0.209375 0.50859375 0.04453125 0.0578125
1 0.39375 0.1671875 0.0765625 0.08046875
1 0.43671875 0.68828125 0.07421875 0.1015625
0 0.43515625 0.8765625 0.0671875 0.090625
2 0.79296875 0.49765625 0.08359375 0.09921875
0 0.8015625 0.20234375 0.0453125 0.10625
1 0.9078125 0.865625 0.06953125 0.05703125
0 0.19453125 0.6125 0.02734375 0.0484375
0 0.6140625 0.82734375 0.075 0.0609375