0 0.08984375 0.27265625 0.06953125 0.0828125
1 0.20390625 0.04140625 0.084375 0.07578125
0 0.10234375 0.34609375 0.08125 0.05625
0 0.1484375 0.40390625 0.09609375 0.05390625
1 0.57265625 0.54765625 0.0640625 0.075
0 0.3234375 0.321875 0.071875 0.05390625
1 0.35703125 0.4328125 0.13203125 0.05390625
0 0.3390625 0.3828125 0.065625 0.05390625
1 0.371875 0.5296875 0.0890625 0.09140625
0 0.60625 0.62421875 0.0890625 0.075
0 0.75390625 0.61953125 0.0453125 0.090625
1 0.25703125 0.878125 0.08515625 0.09609375
1 0.5640625 0.95703125 0.10859375 0.084375
0 0.79609375 0.9171875 0.0359375 0.11015625
1 0.97109375 0.659375 0.05234375 0.1