1 0.2328125 0.48984375 0.0828125 0.1359375
0 0.484375 0.2390625 0.06015625 0.075
0 0.0296875 0.1828125 0.059375 0.0359375
0 0.128125 0.9421875 0.0515625 0.10703125
0 0.41796875 0.73203125 0.04140625 0.09296875
1 0.46953125 0.821875 0.05546875 0.08515625
0 0.03984375 0.5859375 0.0796875 0.08515625
0 0.353125 0.96328125 0.06640625 0.065625
0 0.73984375 0.13203125 0.0640625 0.0734375
0 0.7859375 0.25078125 0.05546875 0.0671875
0 0.921875 0.28203125 0.08203125 0.10234375
0 0.6125 0.490625 0.078125 0.09609375
1 0.77265625 0.69921875 0.06953125 0.071875
0 0.74375 0.80390625 0.0546875 0.090625