0 0.690625 0.6140625 0.0625 0.0859375
1 0.09609375 0.48671875 0.03984375 0.0984375
0 0.15234375 0.1359375 0.0296875 0.09921875
1 0.34140625 0.06328125 0.04765625 0.08046875
0 0.328125 0.46015625 0.03984375 0.11484375
1 0.2390625 0.840625 0.03828125 0.1109375
2 0.484375 0.10703125 0.06171875 0.08515625
0 0.703125 0.2203125 0.0640625 0.07578125
2 0.88984375 0.4703125 0.05546875 0.103125
0 0.9109375 0.84140625 0.05 0.140625
1 0.39609375 0.45625 0.03671875 0.13046875
1 0.8 0.04375 0.0609375 0.06171875
1 0.5234375 0.8109375 0.05859375 0.1046875