0 0.528125 0.27421875 0.13046875 0.07265625
1 0.37109375 0.0671875 0.08515625 0.0921875
0 0.26875 0.284375 0.096875 0.05859375
0 0.2890625 0.36875 0.05390625 0.0609375
0 0.0515625 0.415625 0.06796875 0.0625
0 0.2859375 0.6921875 0.11484375 0.07421875
0 0.74453125 0.06640625 0.0640625 0.08671875
0 0.91796875 0.690625 0.0359375 0.10625
1 0.4890625 0.86796875 0.0828125 0.08515625
1 0.72265625 0.7515625 0.05703125 0.19921875
0 0.934375 0.94921875 0.05546875 0.08125
0 0.4546875 0.5296875 0.12265625 0.05078125
0 0.725 0.35859375 0.08359375 0.071875
1 0.07890625 0.74765625 0.06875 0.0671875