0 0.42421875 0.3640625 0.04921875 0.10703125
1 0.0234375 0.225 0.025 0.07578125
1 0.1046875 0.27890625 0.04375 0.07109375
0 0.15546875 0.38984375 0.04375 0.05390625
0 0.23046875 0.39296875 0.04921875 0.06015625
0 0.0140625 0.6484375 0.0265625 0.10234375
1 0.36875 0.74453125 0.0375 0.09375
2 0.571875 0.6828125 0.05859375 0.08828125
1 0.70859375 0.4203125 0.04375 0.090625
0 0.53984375 0.134375 0.02265625 0.0671875
0 0.57734375 0.071875 0.03046875 0.0640625
0 0.83125 0.1421875 0.04765625 0.0765625
0 0.9140625 0.5234375 0.04453125 0.1125
2 0.79921875 0.825 0.05 0.1390625
0 0.521875 0.9546875 0.04375 0.0765625
0 0.23671875 0.96796875 0.04140625 0.06171875