1 0.63828125 0.478125 0.11953125 0.0984375
1 0.26171875 0.56171875 0.05625 0.0921875
0 0.0828125 0.3296875 0.046875 0.08359375
1 0.21015625 0.153125 0.04375 0.09453125
1 0.4703125 0.1390625 0.03984375 0.09375
2 0.45 0.82421875 0.06328125 0.09296875
2 0.6890625 0.87265625 0.08515625 0.10234375
2 0.85 0.5734375 0.08515625 0.1328125
2 0.44765625 0.41328125 0.07109375 0.2015625
0 0.66875 0.1703125 0.03828125 0.04921875
1 0.8 0.178125 0.06875 0.11015625
0 0.07734375 0.63515625 0.04375 0.08671875
0 0.10390625 0.478125 0.028125 0.11171875
1 0.24375 0.95546875 0.0796875 0.06328125