0 0.6453125 0.32265625 0.078125 0.0609375
0 0.14140625 0.06640625 0.0765625 0.04921875
1 0.49375 0.08515625 0.08515625 0.0765625
1 0.5390625 0.39140625 0.06171875 0.1046875
1 0.37421875 0.50625 0.06484375 0.04765625
1 0.3859375 0.7046875 0.06484375 0.103125
1 0.58671875 0.66796875 0.0625 0.0890625
1 0.1859375 0.78359375 0.065625 0.08046875
1 0.82578125 0.1140625 0.04765625 0.08125
0 0.9515625 0.35859375 0.05703125 0.06953125
2 0.79296875 0.6328125 0.075 0.078125
1 0.72578125 0.86640625 0.07734375 0.1015625
0 0.93984375 0.92421875 0.05546875 0.06796875
2 0.24921875 0.34453125 0.0671875 0.09140625
1 0.059375 0.59296875 0.0421875 0.08125