1 0.1546875 0.10234375 0.06953125 0.0796875
0 0.35859375 0.346875 0.128125 0.0828125
0 0.13984375 0.4390625 0.05859375 0.04453125
0 0.546875 0.559375 0.08515625 0.0796875
0 0.53125 0.63515625 0.08046875 0.0453125
0 0.35390625 0.9 0.0875 0.0421875
0 0.71796875 0.9296875 0.0859375 0.0640625
0 0.62265625 0.18828125 0.08359375 0.075
0 0.46484375 0.1859375 0.08359375 0.07734375
0 0.50234375 0.4515625 0.0890625 0.0484375
0 0.6234375 0.7328125 0.07734375 0.0875
0 0.740625 0.6421875 0.08828125 0.07890625
0 0.71015625 0.83828125 0.07265625 0.0765625
0 0.3609375 0.825 0.06015625 0.059375
0 0.90703125 0.58515625 0.03046875 0.0484375
0 0.86171875 0.59921875 0.03828125 0.0484375
0 0.03828125 0.88984375 0.05546875 0.04765625