1 0.88125 0.2453125 0.0703125 0.1328125
0 0.1046875 0.153125 0.05859375 0.09453125
2 0.3125 0.0640625 0.05546875 0.103125
1 0.48125 0.06953125 0.059375 0.07265625
0 0.33125 0.3921875 0.05078125 0.07578125
1 0.1515625 0.83125 0.053125 0.0890625
1 0.4703125 0.41484375 0.08125 0.0625
1 0.6015625 0.4078125 0.05625 0.0765625
1 0.82265625 0.48125 0.04375 0.11796875
1 0.65390625 0.73359375 0.04375 0.09609375
0 0.46875 0.75078125 0.05859375 0.04921875
2 0.93203125 0.77109375 0.059375 0.1015625
0 0.66953125 0.1453125 0.0359375 0.109375
0 0.67734375 0.89453125 0.034375 0.1046875