0 0.465625 0.53046875 0.0515625 0.14609375
0 0.47421875 0.06953125 0.03984375 0.06953125
1 0.540625 0.10625 0.04453125 0.13984375
1 0.6734375 0.43515625 0.05 0.13359375
1 0.77421875 0.31171875 0.05 0.0828125
1 0.64609375 0.8890625 0.05390625 0.1359375
1 0.93984375 0.70234375 0.04375 0.15078125
0 0.9046875 0.09453125 0.03125 0.11171875
0 0.8671875 0.0609375 0.03203125 0.0875
2 0.3078125 0.4546875 0.065625 0.0890625
1 0.29140625 0.91171875 0.059375 0.0625
1 0.16171875 0.378125 0.0640625 0.0765625
0 0.72109375 0.95078125 0.034375 0.075
1 0.0484375 0.69921875 0.053125 0.06484375