1 0.23828125 0.2078125 0.07890625 0.134375
1 0.09453125 0.90546875 0.046875 0.11953125
0 0.2734375 0.77578125 0.04140625 0.11484375
1 0.3453125 0.71953125 0.065625 0.0953125
0 0.33984375 0.81171875 0.040625 0.0875
2 0.49375 0.39296875 0.08828125 0.1265625
1 0.796875 0.34140625 0.05625 0.071875
1 0.80625 0.18984375 0.0796875 0.0609375
0 0.7515625 0.24453125 0.0640625 0.0515625
1 0.73515625 0.74921875 0.059375 0.07890625
1 0.884375 0.753125 0.06171875 0.1203125
1 0.02890625 0.165625 0.04453125 0.0921875
2 0.9734375 0.490625 0.0421875 0.15546875