0 0.071875 0.59609375 0.0515625 0.1296875
1 0.34453125 0.171875 0.0515625 0.11484375
1 0.19765625 0.05625 0.06171875 0.05
0 0.265625 0.36640625 0.0359375 0.1015625
0 0.4421875 0.421875 0.025 0.0765625
1 0.39296875 0.49609375 0.04375 0.103125
0 0.11640625 0.95390625 0.034375 0.07109375
1 0.71796875 0.3875 0.0375 0.1109375
0 0.57578125 0.1359375 0.02265625 0.078125
0 0.503125 0.58515625 0.025 0.12265625
0 0.5265625 0.90078125 0.02734375 0.10078125
0 0.7015625 0.7359375 0.0421875 0.10390625
2 0.80390625 0.78359375 0.05 0.1046875
1 0.95078125 0.4421875 0.07578125 0.1171875
1 0.8703125 0.07109375 0.0453125 0.09296875