1 0.31875 0.29375 0.05625 0.11875
0 0.0921875 0.18984375 0.028125 0.0921875
1 0.14140625 0.1765625 0.0421875 0.1203125
1 0.47890625 0.39453125 0.059375 0.11875
1 0.17734375 0.57265625 0.05546875 0.0765625
1 0.39609375 0.8078125 0.075 0.06015625
1 0.428125 0.9015625 0.071875 0.06875
0 0.1625 0.77265625 0.0328125 0.1078125
0 0.1578125 0.93359375 0.0515625 0.0515625
0 0.18125 0.86640625 0.05546875 0.053125
1 0.53359375 0.08828125 0.05390625 0.125
0 0.58515625 0.69609375 0.0421875 0.08359375
1 0.60390625 0.39609375 0.0671875 0.0875
1 0.93671875 0.5109375 0.04296875 0.14296875
0 0.953125 0.16796875 0.0375 0.09609375
0 0.7234375 0.8234375 0.028125 0.08046875
0 0.7578125 0.95078125 0.0453125 0.09296875
0 0.9125 0.89609375 0.0328125 0.1390625