0 0.6078125 0.9390625 0.0625 0.06875
0 0.03046875 0.225 0.0453125 0.06796875
0 0.0453125 0.3859375 0.078125 0.0609375
0 0.21328125 0.56640625 0.06328125 0.0734375
0 0.18203125 0.8171875 0.084375 0.0578125
1 0.1828125 0.95234375 0.09140625 0.0609375
1 0.3609375 0.19921875 0.065625 0.07578125
2 0.56484375 0.25390625 0.096875 0.1328125
1 0.7359375 0.4203125 0.090625 0.0796875
2 0.65546875 0.70078125 0.06640625 0.0984375
1 0.90703125 0.40390625 0.071875 0.08125
0 0.8546875 0.44296875 0.03828125 0.10078125
0 0.94140625 0.7515625 0.0921875 0.07109375