1 0.3671875 0.46796875 0.06015625 0.1890625
1 0.07109375 0.146875 0.06953125 0.1515625
0 0.04140625 0.48828125 0.04375 0.10859375
0 0.2203125 0.7890625 0.0359375 0.1125
1 0.04765625 0.9296875 0.090625 0.09921875
1 0.603125 0.3 0.04921875 0.15703125
0 0.3703125 0.16953125 0.0828125 0.06796875
2 0.459375 0.91484375 0.09453125 0.12421875
0 0.67734375 0.48203125 0.059375 0.07109375
0 0.734375 0.528125 0.0484375 0.0859375
1 0.8140625 0.08046875 0.05625 0.078125
1 0.828125 0.65234375 0.0796875 0.09296875